Delta_S: 0.37451499589923043
G_GAS: 1.5891605194328091
G_GLU: 0.8909341075490586
G_HAM: 0.30246875039219767
G_HAM_HFL: 1.1183033676997307
G_HFL: 3.852496073249363
G_SOL: 2.6824131059368534
G_SOL_TA: 1.6786242308366643
G_TA: 1.492285322255331
G_VAS: 2.100837759744729
S_0_GAS: 0.042163777392187844
S_0_GLU: 0.07421414749643551
S_0_HAM: 0.0522001340651613
S_0_HFL: 0.028405114662567163
S_0_SOL: 0.023646929285519383
S_0_TA: 0.08871556218628504
S_0_VAS: 0.058120074968998924
k_bw: 1.6307505394293342
k_lean: 0.7962782186114071
k_phi: 1.6403733975295878
kd: 1.2945377968328058
kp: 2.387734095397854
l_off_HAM: 0.8078165459976426
l_off_HFL: 0.46714453170058945
l_off_TA: 0.5870570300830612
phik_off: 0.08520287402497331
theta_ref: 0.07386813804243585
label: "reference"
